0.01
0.10996666666666666
0.20993333333333333
0.3099
0.40986666666666666
0.5098333333333332
0.6098
0.7097666666666667
0.8097333333333333
0.9097
1.0096666666666665
1.1096333333333332
1.2096
1.3095666666666665
1.4095333333333333
1.5094999999999998
1.6094666666666666
1.7094333333333334
1.8094
1.9093666666666667
2.009333333333333
2.1092999999999997
2.2092666666666663
2.309233333333333
2.4092
2.5091666666666663
2.609133333333333
2.7091
2.8090666666666664
2.909033333333333
3.0089999999999995
3.1089666666666664
3.208933333333333
3.3088999999999995
3.4088666666666665
3.508833333333333
3.6087999999999996
3.708766666666666
3.808733333333333
3.9086999999999996
4.008666666666667
4.108633333333333
4.2086
4.308566666666667
4.408533333333333
4.5085
4.608466666666666
4.708433333333333
4.8084
4.908366666666666
5.008333333333333
5.1083
5.208266666666666
5.308233333333333
5.4082
5.508166666666666
5.608133333333333
5.7081
5.808066666666666
5.908033333333333
6.007999999999999
6.107966666666666
6.207933333333333
6.307899999999999
6.407866666666666
6.507833333333333
6.607799999999999
6.707766666666666
6.807733333333333
6.907699999999999
7.007666666666666
7.107633333333332
7.207599999999999
7.307566666666666
7.407533333333332
7.507499999999999
7.607466666666666
7.7074333333333325
7.8073999999999995
7.907366666666666
8.007333333333333
8.107299999999999
8.207266666666666
8.307233333333333
8.4072
8.507166666666667
8.607133333333334
8.707099999999999
8.807066666666666
8.907033333333333
9.007
9.106966666666667
9.206933333333332
9.306899999999999
9.406866666666666
9.506833333333333
9.6068
9.706766666666667
9.806733333333332
9.906699999999999
10.006666666666666
10.106633333333333
10.2066
10.306566666666665
10.406533333333332
10.506499999999999
10.606466666666666
10.706433333333333
10.8064
10.906366666666665
11.006333333333332
11.1063
11.206266666666666
11.306233333333333
11.4062
11.506166666666665
11.606133333333332
11.7061
11.806066666666666
11.906033333333333
12.005999999999998
12.105966666666665
12.205933333333332
12.3059
12.405866666666666
12.505833333333333
12.605799999999999
12.705766666666666
12.805733333333333
12.9057
13.005666666666666
13.105633333333332
13.205599999999999
13.305566666666666
13.405533333333333
13.5055
13.605466666666667
13.705433333333332
13.805399999999999
13.905366666666666
14.005333333333333
14.1053
14.205266666666665
14.305233333333332
14.405199999999999
14.505166666666666
14.605133333333333
14.7051
14.805066666666665
14.905033333333332
15.004999999999999
15.104966666666666
15.204933333333333
15.3049
15.404866666666665
15.504833333333332
15.6048
15.704766666666666
15.804733333333333
15.904699999999998
16.004666666666665
16.104633333333336
16.2046
16.304566666666666
16.404533333333333
16.5045
16.604466666666667
16.704433333333334
16.8044
16.904366666666668
17.004333333333335
17.104300000000002
17.20426666666667
17.304233333333332
17.4042
17.504166666666666
17.604133333333333
17.7041
17.804066666666667
17.904033333333334
18.004
18.10396666666667
18.203933333333335
18.303900000000002
18.403866666666666
18.503833333333333
18.6038
18.703766666666667
18.803733333333334
18.9037
19.003666666666668
19.103633333333335
19.2036
19.30356666666667
19.403533333333336
19.5035
19.603466666666666
19.703433333333333
19.8034
19.903366666666667
20.003333333333334
20.1033
20.203266666666668
20.303233333333335
20.403200000000002
20.50316666666667
20.603133333333332
20.7031
20.803066666666666
20.903033333333333
21.003
21.102966666666667
21.202933333333334
21.3029
21.402866666666668
21.502833333333335
21.602800000000002
21.70276666666667
21.802733333333332
21.9027
22.002666666666666
22.102633333333333
22.2026
22.302566666666667
22.402533333333334
22.5025
22.60246666666667
22.702433333333335
22.802400000000002
22.902366666666666
23.002333333333333
23.1023
23.202266666666667
23.302233333333334
23.4022
23.502166666666668
23.602133333333335
23.7021
23.80206666666667
23.902033333333335
24.002
24.101966666666666
24.201933333333333
24.3019
24.401866666666667
24.501833333333334
24.6018
24.701766666666668
24.801733333333335
24.9017
25.00166666666667
25.101633333333332
25.2016
25.301566666666666
25.401533333333333
25.5015
25.601466666666667
25.701433333333334
25.8014
25.901366666666668
26.001333333333335
26.101300000000002
26.201266666666665
26.301233333333332
26.4012
26.501166666666666
26.601133333333333
26.7011
26.801066666666667
26.901033333333334
27.001
27.100966666666668
27.200933333333335
27.3009
27.400866666666666
27.500833333333333
27.6008
27.700766666666667
27.800733333333334
27.9007
28.000666666666667
28.100633333333334
28.2006
28.30056666666667
28.400533333333332
28.5005
28.600466666666666
28.700433333333333
28.8004
28.900366666666667
29.000333333333334
29.1003
29.200266666666668
29.300233333333335
29.4002
29.500166666666665
29.600133333333332
29.7001
29.800066666666666
29.900033333333333
30.0
