-30.0
-29.9
-29.8
-29.7
-29.6
-29.5
-29.4
-29.3
-29.2
-29.1
-29.0
-28.9
-28.8
-28.7
-28.6
-28.5
-28.4
-28.3
-28.2
-28.1
-28.0
-27.9
-27.8
-27.7
-27.6
-27.5
-27.4
-27.3
-27.2
-27.1
-27.0
-26.9
-26.8
-26.7
-26.6
-26.5
-26.4
-26.3
-26.2
-26.1
-26.0
-25.9
-25.8
-25.7
-25.6
-25.5
-25.4
-25.3
-25.2
-25.1
-25.0
-24.9
-24.8
-24.7
-24.6
-24.5
-24.4
-24.3
-24.2
-24.1
-24.0
-23.9
-23.8
-23.7
-23.6
-23.5
-23.4
-23.3
-23.2
-23.1
-23.0
-22.9
-22.8
-22.7
-22.6
-22.5
-22.4
-22.3
-22.2
-22.1
-22.0
-21.9
-21.799999999999997
-21.7
-21.6
-21.5
-21.4
-21.299999999999997
-21.2
-21.1
-21.0
-20.9
-20.799999999999997
-20.7
-20.6
-20.5
-20.4
-20.299999999999997
-20.2
-20.1
-20.0
-19.9
-19.799999999999997
-19.7
-19.6
-19.5
-19.4
-19.299999999999997
-19.2
-19.1
-19.0
-18.9
-18.799999999999997
-18.7
-18.6
-18.5
-18.4
-18.299999999999997
-18.2
-18.1
-18.0
-17.9
-17.799999999999997
-17.7
-17.6
-17.5
-17.4
-17.299999999999997
-17.2
-17.1
-17.0
-16.9
-16.799999999999997
-16.7
-16.6
-16.5
-16.4
-16.299999999999997
-16.2
-16.1
-16.0
-15.899999999999999
-15.799999999999999
-15.7
-15.6
-15.5
-15.399999999999999
-15.299999999999999
-15.2
-15.1
-15.0
-14.899999999999999
-14.799999999999999
-14.7
-14.6
-14.5
-14.399999999999999
-14.299999999999999
-14.2
-14.1
-14.0
-13.899999999999999
-13.8
-13.7
-13.599999999999998
-13.5
-13.399999999999999
-13.3
-13.2
-13.099999999999998
-13.0
-12.899999999999999
-12.8
-12.7
-12.599999999999998
-12.5
-12.399999999999999
-12.3
-12.2
-12.099999999999998
-12.0
-11.899999999999999
-11.8
-11.7
-11.599999999999998
-11.5
-11.399999999999999
-11.3
-11.2
-11.099999999999998
-11.0
-10.899999999999999
-10.799999999999997
-10.7
-10.599999999999998
-10.5
-10.399999999999999
-10.299999999999997
-10.2
-10.099999999999998
-10.0
-9.899999999999999
-9.799999999999997
-9.7
-9.599999999999998
-9.5
-9.399999999999999
-9.299999999999997
-9.2
-9.099999999999998
-9.0
-8.899999999999999
-8.799999999999997
-8.7
-8.599999999999998
-8.5
-8.399999999999999
-8.299999999999997
-8.2
-8.099999999999998
-8.0
-7.899999999999999
-7.799999999999997
-7.699999999999999
-7.599999999999998
-7.5
-7.399999999999999
-7.299999999999997
-7.199999999999999
-7.099999999999998
-7.0
-6.899999999999999
-6.799999999999997
-6.699999999999999
-6.599999999999998
-6.5
-6.399999999999999
-6.299999999999997
-6.199999999999999
-6.099999999999998
-6.0
-5.899999999999999
-5.799999999999997
-5.699999999999999
-5.599999999999998
-5.5
-5.399999999999999
-5.299999999999997
-5.199999999999999
-5.099999999999998
-5.0
-4.899999999999999
-4.799999999999997
-4.699999999999999
-4.599999999999998
-4.5
-4.399999999999999
-4.299999999999997
-4.199999999999999
-4.099999999999998
-4.0
-3.8999999999999986
-3.799999999999997
-3.6999999999999993
-3.599999999999998
-3.5
-3.3999999999999986
-3.299999999999997
-3.1999999999999993
-3.099999999999998
-3.0
-2.8999999999999986
-2.799999999999997
-2.6999999999999993
-2.599999999999998
-2.5
-2.3999999999999986
-2.299999999999997
-2.1999999999999993
-2.099999999999998
-2.0
-1.8999999999999986
-1.7999999999999972
-1.6999999999999993
-1.5999999999999979
-1.5
-1.3999999999999986
-1.2999999999999972
-1.1999999999999993
-1.0999999999999979
-1.0
-0.8999999999999986
-0.7999999999999972
-0.6999999999999993
-0.5999999999999979
-0.5
-0.3999999999999986
-0.29999999999999716
-0.1999999999999993
-0.09999999999999787
0.0
0.10000000000000142
0.20000000000000284
0.3000000000000007
0.40000000000000213
0.5
0.6000000000000014
0.7000000000000028
0.8000000000000007
0.9000000000000021
1.0
1.1000000000000014
1.2000000000000028
1.3000000000000007
1.4000000000000021
1.5
1.6000000000000014
1.7000000000000028
1.8000000000000007
1.9000000000000021
2.0
2.1000000000000014
2.200000000000003
2.3000000000000043
2.3999999999999986
2.5
2.6000000000000014
2.700000000000003
2.8000000000000043
2.8999999999999986
3.0
3.1000000000000014
3.200000000000003
3.3000000000000043
3.3999999999999986
3.5
3.6000000000000014
3.700000000000003
3.8000000000000043
3.8999999999999986
4.0
4.100000000000001
4.200000000000003
4.300000000000004
4.399999999999999
4.5
4.600000000000001
4.700000000000003
4.800000000000004
4.899999999999999
5.0
5.100000000000001
5.200000000000003
5.300000000000004
5.399999999999999
5.5
5.600000000000001
5.700000000000003
5.800000000000004
5.899999999999999
6.0
6.100000000000001
6.200000000000003
6.300000000000004
6.399999999999999
6.5
6.600000000000001
6.700000000000003
6.800000000000004
6.899999999999999
7.0
7.100000000000001
7.200000000000003
7.300000000000004
7.399999999999999
7.5
7.600000000000001
7.700000000000003
7.800000000000004
7.899999999999999
8.0
8.100000000000001
8.200000000000003
8.300000000000004
8.400000000000006
8.5
8.600000000000001
8.700000000000003
8.800000000000004
8.900000000000006
9.0
9.100000000000001
9.200000000000003
9.300000000000004
9.400000000000006
9.5
9.600000000000001
9.700000000000003
9.800000000000004
9.900000000000006
10.0
10.100000000000001
10.200000000000003
10.300000000000004
10.400000000000006
10.5
10.600000000000001
10.700000000000003
10.800000000000004
10.900000000000006
11.0
11.100000000000001
11.200000000000003
11.300000000000004
11.400000000000006
11.5
11.600000000000001
11.700000000000003
11.800000000000004
11.900000000000006
12.0
12.100000000000001
12.200000000000003
12.300000000000004
12.400000000000006
12.5
12.600000000000001
12.700000000000003
12.800000000000004
12.900000000000006
13.0
13.100000000000001
13.200000000000003
13.300000000000004
13.400000000000006
13.5
13.600000000000001
13.700000000000003
13.800000000000004
13.900000000000006
14.0
14.100000000000001
14.200000000000003
14.300000000000004
14.400000000000006
14.5
14.600000000000001
14.700000000000003
14.800000000000004
14.900000000000006
15.0
15.100000000000001
15.200000000000003
15.300000000000004
15.400000000000006
15.5
15.600000000000001
15.700000000000003
15.800000000000004
15.900000000000006
16.0
16.1
16.200000000000003
16.300000000000004
16.400000000000006
16.5
16.6
16.700000000000003
16.800000000000004
16.900000000000006
17.0
17.1
17.200000000000003
17.300000000000004
17.400000000000006
17.5
17.6
17.700000000000003
17.800000000000004
17.900000000000006
18.0
18.1
18.200000000000003
18.300000000000004
18.400000000000006
18.5
18.6
18.700000000000003
18.800000000000004
18.900000000000006
19.0
19.1
19.200000000000003
19.300000000000004
19.400000000000006
19.5
19.6
19.700000000000003
19.800000000000004
19.900000000000006
20.0
20.1
20.200000000000003
20.300000000000004
20.400000000000006
20.5
20.6
20.700000000000003
20.800000000000004
20.900000000000006
21.0
21.1
21.200000000000003
21.300000000000004
21.400000000000006
21.5
21.6
21.700000000000003
21.800000000000004
21.900000000000006
22.0
22.1
22.200000000000003
22.300000000000004
22.400000000000006
22.5
22.6
22.700000000000003
22.800000000000004
22.900000000000006
23.0
23.1
23.200000000000003
23.300000000000004
23.400000000000006
23.5
23.6
23.700000000000003
23.800000000000004
23.900000000000006
24.0
24.1
24.200000000000003
24.300000000000004
24.400000000000006
24.5
24.6
24.700000000000003
24.800000000000004
24.900000000000006
25.0
25.1
25.200000000000003
25.300000000000004
25.400000000000006
25.5
25.6
25.700000000000003
25.800000000000004
25.900000000000006
26.0
26.1
26.200000000000003
26.300000000000004
26.400000000000006
26.5
26.6
26.700000000000003
26.800000000000004
26.900000000000006
27.0
27.1
27.200000000000003
27.300000000000004
27.400000000000006
27.5
27.6
27.700000000000003
27.800000000000004
27.900000000000006
28.0
28.1
28.200000000000003
28.300000000000004
28.400000000000006
28.5
28.6
28.700000000000003
28.800000000000004
28.900000000000006
29.0
29.1
29.200000000000003
29.300000000000004
29.400000000000006
29.5
29.6
29.700000000000003
29.800000000000004
29.900000000000006
30.0
